4869f7a5dfa277a7dca6462dcf3b52b2 == [159343.37, 203.24, 76.0, 4.16, 0.87]
53243585a1d6dc2643021fd1853d8905 == [154976.58, 651.16, 21.0, 4.22, 0.97]
fa1c13f2614d7b5c4749cbc52fecda94 == [139564.32, 347.17, 229.0, 4.41, 0.9]
4a3ca9315b744ce9f8e9374361493884 == [138916.31, 112.12, 310.0, 3.83, 0.88]
7c67e1448b00f6e969d365cea6b010ab == [133897.47, 194.9, 169.0, 3.53, 0.9]
da8622b14eb17ae2831f4ac5b9dab84a == [116655.5, 125.57, 196.0, 4.16, 0.92]
7e93a43ef30c4f03f38b393420bc753a == [111589.54, 507.23, 133.0, 4.34, 0.95]
7a67c85e85bb2ce8582c35f2203ad736 == [99312.48, 122.76, 120.0, 4.27, 0.94]
1025f0e2d44d7041d6cf58b6550e0bfa == [98165.98, 153.38, 130.0, 4.01, 0.9]
955fee9216a65b617aa5c0531780ce60 == [88859.28, 104.17, 94.0, 4.18, 0.91]
5dceca129747e92ff8ef7a997dc4f8ca == [86566.46, 342.16, 41.0, 3.96, 0.93]
6560211a19b47992c3666cc44a7e94c0 == [78781.91, 65.16, 228.0, 4.01, 0.93]
7d13fca15225358621be4086e1eb0964 == [77787.81, 212.54, 55.0, 4.07, 0.88]
620c87c171fb2a6dd6e8bb4dec959fc6 == [74686.1, 155.6, 101.0, 4.41, 0.91]
46dc3b2cc0980fb8ec44634e21d2718e == [74444.38, 237.08, 140.0, 4.3, 0.94]
1f50f920176fa81dab994f9023523100 == [72441.27, 76.25, 21.0, 4.15, 0.89]
a1043bafd471dff536d0c462352beb48 == [72386.19, 141.66, 5.0, 4.26, 0.94]
cc419e0650a3c5ba77189a1882b7556a == [70860.98, 61.25, 34.0, 4.15, 0.94]
3d871de0142ce09b7081e2b9d1733cb1 == [62940.3, 85.75, 182.0, 4.19, 0.95]
edb1ef5e36e0c8cd84eb3c9b003e486d == [57412.35, 494.93, 44.0, 4.49, 0.91]
f7ba60f8c3f99e7ee4042fdef03b70c4 == [46577.0, 306.43, 8.0, 4.14, 0.83]
ccc4bbb5f32a6ab2b7066a4130f114e3 == [46428.53, 371.43, 10.0, 4.27, 0.94]
8581055ce74af1daba164fdbd55a40de == [46326.66, 170.32, 28.0, 4.31, 0.89]
cca3071e3e9bb7d12640c9fbe2301306 == [45929.25, 92.79, 250.0, 3.86, 0.96]
04308b1ee57b6625f47df1d56f00eedf == [45444.9, 640.07, 20.0, 4.0, 0.89]
522620dcb18a6b31cd7bdf73665113a9 == [41921.66, 340.83, 33.0, 3.92, 0.89]
fe2032dab1a61af8794248c8196565c9 == [41254.54, 224.21, 62.0, 4.49, 0.93]
17e34d8224d27a541263c4c64b11a56b == [41001.72, 241.19, 90.0, 4.26, 0.91]
de722cd6dad950a92b7d4f82673f8833 == [39114.0, 167.15, 7.0, 4.27, 0.94]
37be5a7c751166fbc5f8ccba4119e043 == [38811.0, 203.2, 7.0, 4.25, 0.96]
7ddcbb64b5bc1ef36ca8c151f6ec77df == [38622.64, 167.92, 19.0, 4.0, 0.9]
ceaec5548eefc6e23e6607c5435102e7 == [37270.63, 251.83, 27.0, 4.22, 0.93]
218d46b86c1881d022bce9c68a7d4b15 == [36447.84, 137.54, 114.0, 4.25, 0.91]
b2ba3715d723d245138f291a6fe42594 == [35448.49, 152.8, 138.0, 4.21, 0.92]
f5a590cf36251cf1162ea35bef76fe84 == [34473.78, 436.38, 45.0, 4.29, 0.9]
f8db351d8c4c4c22c6835c19a46f01b0 == [34469.6, 74.45, 121.0, 4.3, 0.95]
850f4f8af5ea87287ac68de36e29107f == [32906.85, 261.17, 35.0, 4.31, 0.94]
8160255418d5aaa7dbdc9f4c64ebda44 == [32531.69, 124.64, 51.0, 4.01, 0.84]
c3cfdc648177fdbbbb35635a37472c53 == [32452.28, 160.65, 97.0, 4.43, 0.98]
4d6d651bd7684af3fffabd5f08d12e5a == [32214.1, 121.11, 65.0, 4.23, 0.96]
25c5c91f63607446a97b143d2d535d31 == [31381.73, 313.82, 14.0, 3.86, 0.91]
77530e9772f57a62c906e1c21538ab82 == [30299.1, 143.6, 128.0, 4.15, 0.88]
b33e7c55446eabf8fe1a42d037ac7d6d == [29879.26, 290.09, 31.0, 4.19, 0.85]
d91fb3b7d041e83b64a00a3edfb37e4f == [29748.49, 79.33, 233.0, 4.08, 0.94]
e9779976487b77c6d4ac45f75ec7afe9 == [29225.5, 67.34, 116.0, 4.28, 0.92]
eeb6de78f79159600292e314a77cbd18 == [28863.97, 524.8, 36.0, 4.47, 0.96]
2eb70248d66e0e3ef83659f71b244378 == [28299.96, 221.09, 26.0, 2.83, 0.84]
4e922959ae960d389249c378d1c939f5 == [28103.82, 113.32, 99.0, 3.92, 0.88]
391fc6631aebcf3004804e51b40bcf1e == [27821.35, 76.64, 110.0, 4.0, 0.89]
17a053fcb14bd219540cbde0df490be0 == [27726.42, 315.07, 63.0, 4.23, 0.95]
712e6ed8aa4aa1fa65dab41fed5737e4 == [26600.0, 521.57, 18.0, 3.35, 0.78]
7142540dd4c91e2237acb7e911c4eba2 == [26152.84, 121.64, 192.0, 4.05, 0.92]
ea8482cd71df3c1969d7b9473ff13abc == [25184.39, 32.79, 178.0, 4.02, 0.9]
76d5af76d0271110f9af36c92573f765 == [23945.08, 263.13, 64.0, 4.16, 0.9]
9c0e69c7bf2619675bbadf47b43f655a == [23834.3, 218.66, 56.0, 4.17, 0.88]
7178f9f4dd81dcef02f62acdf8151e01 == [23613.74, 180.26, 47.0, 4.21, 0.95]
c70c1b0d8ca86052f45a432a38b73958 == [23526.62, 135.21, 56.0, 4.38, 0.91]
06a2c3af7b3aee5d69171b0e14f0ee87 == [23472.36, 92.41, 38.0, 3.95, 0.76]
e59aa562b9f8076dd550fcddf0e73491 == [23248.8, 447.09, 9.0, 4.19, 0.87]
7299e27ed73d2ad986de7f7c77d919fa == [22736.15, 96.75, 69.0, 4.41, 0.94]
1835b56ce799e6a4dc4eddc053f04066 == [22466.69, 81.7, 116.0, 3.7, 0.88]
2528513dd95219a6013d4d05176e391a == [22115.9, 206.69, 67.0, 3.89, 0.93]
c3867b4666c7d76867627c2f7fb22e21 == [22030.2, 143.05, 74.0, 3.94, 0.86]
dbc22125167c298ef99da25668e1011f == [21986.94, 81.13, 92.0, 4.3, 0.98]
e9bc59e7b60fc3063eb2290deda4cced == [21752.61, 163.55, 37.0, 4.3, 0.89]
5c243662ce92d84573bfaff24c3e3700 == [21480.23, 346.46, 18.0, 4.18, 0.98]
53e4c6e0f4312d4d2107a8c9cddf45cd == [21433.22, 63.6, 131.0, 4.11, 0.95]
0241d4d5d36f10f80c644447315af0bd == [21294.1, 133.09, 43.0, 4.34, 0.96]
1554a68530182680ad5c8b042c3ab563 == [20988.04, 117.25, 61.0, 4.4, 0.96]
70eea00b476a314817cefde4aad4f89a == [20969.17, 279.59, 24.0, 4.33, 0.91]
634964b17796e64304cadf1ad3050fb7 == [20917.2, 133.23, 26.0, 3.97, 0.88]
88460e8ebdecbfecb5f9601833981930 == [20907.9, 123.72, 11.0, 3.37, 0.79]
0b90b6df587eb83608a64ea8b390cf07 == [20543.14, 177.1, 42.0, 4.05, 0.97]
855668e0971d4dfd7bef1b6a4133b41b == [20478.46, 107.22, 60.0, 3.71, 0.85]
87142160b41353c4e5fca2360caf6f92 == [20440.89, 101.19, 46.0, 4.42, 0.94]
59b22a78efb79a4797979612b885db36 == [20069.0, 222.99, 53.0, 4.04, 0.87]
900ba814c251a692506d7834c1218441 == [20051.26, 323.41, 7.0, 4.26, 0.89]
70a12e78e608ac31179aea7f8422044b == [19942.79, 95.88, 88.0, 3.8, 0.89]
12b9676b00f60f3b700e83af21824c0e == [19134.0, 197.26, 31.0, 4.4, 0.98]
a3a38f4affed601eb87a97788c949667 == [18732.15, 104.65, 90.0, 4.36, 0.94]
9f505651f4a6abe901a56cdc21508025 == [18558.0, 69.25, 66.0, 4.35, 0.95]
744dac408745240a2c2528fb1b6028f3 == [18322.8, 295.53, 60.0, 4.69, 0.98]
d1c281d3ae149232351cd8c8cc885f0d == [18240.34, 120.8, 93.0, 3.81, 0.91]
de23c3b98a88888289c6f5cc1209054a == [18203.66, 170.13, 73.0, 4.28, 0.9]
7e1fb0a3ebfb01ffb3a7dae98bf3238d == [18029.73, 171.71, 20.0, 4.14, 0.88]
16090f2ca825584b5a147ab24aa30c86 == [17922.56, 68.15, 31.0, 4.02, 0.89]
1900267e848ceeba8fa32d80c1a5f5a8 == [17565.67, 62.73, 104.0, 3.89, 0.9]
f45122a9ab94eb4f3f8953578bc0c560 == [17212.15, 124.73, 72.0, 4.04, 0.91]
06e5eefc71ec47ae763c5c6f8db7064f == [17076.38, 247.48, 31.0, 4.03, 0.97]
1c68394e931a64f90ea236c5ea590300 == [16883.89, 175.87, 31.0, 3.98, 0.95]
8f2ce03f928b567e3d56181ae20ae952 == [16702.2, 147.81, 65.0, 4.22, 0.85]
001cca7ae9ae17fb1caed9dfb1094831 == [16635.36, 123.22, 9.0, 4.06, 0.93]
a416b6a846a11724393025641d4edd5e == [16595.34, 162.7, 75.0, 4.23, 0.9]
710e3548e02bc1d2831dfc4f1b5b14d4 == [16511.07, 175.65, 29.0, 3.48, 0.95]
dc4a0fc896dc34b0d5bfec8438291c80 == [16307.85, 105.9, 117.0, 3.92, 0.95]
c003204e1ab016dfa150abc119207b24 == [16205.9, 126.61, 9.0, 4.48, 0.93]
7ad32824caee82087b3e2e5f33b1bf32 == [15689.2, 152.32, 63.0, 3.92, 0.83]
1a3df491d1c4f1589fc2b934ada68bf2 == [15456.9, 136.79, 5.0, 4.27, 0.94]
527801b552d0077ffd170872eb49683b == [15037.3, 227.84, 22.0, 4.49, 0.89]
d2374cbcbb3ca4ab1086534108cc3ab7 == [14910.63, 43.34, 98.0, 3.65, 0.93]
59fb871bf6f4522a87ba567b42dafecf == [14500.05, 174.7, 19.0, 4.29, 0.95]
612170e34b97004b3ba37eae81836b4c == [13366.62, 193.72, 39.0, 4.46, 0.99]
1e8b33f18b4f7598d87f5cbee2282cc2 == [13300.49, 138.55, 29.0, 4.47, 0.95]
0adac9fbd9a2b63cccaac4f8756c1ca8 == [13053.08, 176.39, 49.0, 4.0, 0.92]
8444e55c1f13cd5c179851e5ca5ebd00 == [13052.6, 237.32, 40.0, 3.35, 0.93]
9de4643a8dbde634fe55621059d92273 == [13043.98, 241.56, 5.0, 4.41, 0.96]
cd68562d3f44870c08922d380acae552 == [13040.9, 153.42, 48.0, 3.89, 0.78]
897060da8b9a21f655304d50fd935913 == [13022.11, 66.1, 73.0, 3.71, 0.87]
004c9cd9d87a3c30c522c48c4fc07416 == [13004.56, 122.68, 67.0, 4.19, 0.94]
729f06993dac8e860d4f02d7088ca48a == [12914.2, 215.24, 14.0, 4.2, 0.88]
00ee68308b45bc5e2660cd833c3f81cc == [12670.0, 145.63, 20.0, 4.25, 0.91]
8b321bb669392f5163d04c59e235e066 == [12053.57, 18.72, 97.0, 4.13, 0.9]
bfd27a966d91cfaafdb25d076585f0da == [12009.0, 164.51, 38.0, 4.26, 0.95]
f457c46070d02cadd8a68551231220dd == [11971.2, 95.01, 19.0, 3.85, 0.94]
86ccac0b835037332a596a33b6949ee1 == [11711.43, 84.87, 60.0, 4.24, 0.98]
01fdefa7697d26ad920e9e0346d4bd1b == [11645.62, 118.83, 17.0, 4.37, 0.98]
4b9750c8ad28220fe6702d4ecb7c898f == [11478.1, 71.74, 30.0, 4.39, 0.94]
44073f8b7e41514de3b7815dd0237f4f == [11466.45, 139.83, 55.0, 3.84, 0.95]
54a1852d1b8f10312c55e906355666ee == [11380.23, 87.54, 40.0, 4.35, 0.89]
0dd184061fb0eaa7ca37932c68ab91c5 == [11219.94, 113.33, 11.0, 3.93, 0.89]
fa40cc5b934574b62717c68f3d678b6d == [10953.1, 50.94, 15.0, 4.47, 0.93]
c33847515fa6305ce6feb1e818569f13 == [10873.9, 135.92, 30.0, 3.89, 0.95]
7aa4334be125fcdd2ba64b3180029f14 == [10834.86, 74.72, 32.0, 4.06, 0.86]
3b15288545f8928d3e65a8f949a28291 == [10769.06, 139.86, 38.0, 3.99, 0.92]
aba1721a889e04decc910aa13b768ef4 == [10726.8, 181.81, 60.0, 4.39, 0.88]
ef0ace09169ac090589d85746e3e036f == [10638.8, 120.9, 19.0, 4.37, 0.92]
229c3efbfb0ea2058de4ccdfbc3d784a == [10626.0, 126.5, 21.0, 3.55, 0.99]
e5a38146df062edaf55c38afa99e42dc == [10556.68, 130.33, 23.0, 4.01, 0.93]
1b4c3a6f53068f0b6944d2d005c9fc89 == [10531.12, 128.43, 25.0, 4.3, 0.95]
080199a181c46c657dc5aa235411be3b == [10515.42, 184.48, 33.0, 4.61, 0.96]
0c8380b62e38e8a1e6adbeba7eb9688c == [10465.69, 102.6, 60.0, 4.15, 0.93]
a3e9a2c700480d9bb01fba070ba80a0e == [10437.9, 108.73, 61.0, 3.99, 0.89]
1f9ab4708f3056ede07124aad39a2554 == [10394.54, 176.18, 5.0, 4.05, 0.93]
85d9eb9ddc5d00ca9336a2219c97bb13 == [10235.64, 30.46, 53.0, 4.2, 0.95]
5cf13accae3222c70a9cac40818ae839 == [10188.4, 97.97, 32.0, 4.48, 0.97]
41b39e28db005d9731d9d485a83b4c38 == [10157.06, 79.98, 95.0, 4.02, 0.94]
213b25e6f54661939f11710a6fddb871 == [10145.75, 96.63, 60.0, 3.8, 0.91]
66922902710d126a0e7d26b0e3805106 == [10135.7, 97.46, 16.0, 4.6, 0.91]
2a84855fd20af891be03bc5924d2b453 == [10128.3, 96.46, 40.0, 4.44, 0.97]
8e6d7754bc7e0f22c96d255ebda59eba == [10025.61, 182.28, 20.0, 3.79, 0.85]
d94a40fd42351c259927028d163af842 == [9610.2, 137.29, 12.0, 4.21, 0.96]
79ebd9a61bac3eaf882805ed4ecfa12a == [9601.39, 117.09, 76.0, 3.92, 0.94]
2e90cb1677d35cfe24eef47d441b7c87 == [9563.16, 109.92, 21.0, 4.2, 0.89]
289cdb325fb7e7f891c38608bf9e0962 == [9519.7, 122.05, 20.0, 4.56, 0.97]
530ec6109d11eaaf87999465c6afee01 == [9471.68, 135.31, 21.0, 4.37, 0.99]
9e6229250fedbe05838fef417b74e7fb == [9424.3, 174.52, 20.0, 3.96, 0.96]
a673821011d0cec28146ea42f5ab767f == [9212.38, 105.89, 44.0, 4.05, 0.9]
431af27f296bc6519d890aa5a05fdb11 == [9155.3, 111.65, 18.0, 3.93, 0.88]
669ae81880e08f269a64487cfb287169 == [9142.42, 81.63, 13.0, 4.21, 0.95]
4c2b230173bb36f9b240f2b8ac11786e == [9137.39, 53.75, 15.0, 4.08, 0.9]
6edacfd9f9074789dad6d62ba7950b9c == [9076.3, 64.83, 102.0, 4.4, 0.95]
a7f13822ceb966b076af67121f87b063 == [9040.5, 167.42, 27.0, 3.42, 0.91]
e8b3a3a38279a82f0e5d006d5e5b7d2c == [9020.7, 155.53, 39.0, 4.03, 0.95]
00fc707aaaad2d31347cf883cd2dfe10 == [8950.0, 120.95, 15.0, 4.05, 0.96]
440dd6ab244315c632130ecfb63827b1 == [8904.9, 143.63, 25.0, 3.84, 0.87]
2e1c9f22be269ef4643f826c9e650a52 == [8870.23, 77.81, 64.0, 4.23, 0.93]
6d66611d7c44cc30ce351abc49a68421 == [8788.9, 84.51, 46.0, 3.95, 0.92]
c8b0e2b0a7095e5d8219575d5e7e1181 == [8739.44, 143.27, 48.0, 4.02, 0.9]
ff063b022a9a0aab91bad2c9088760b7 == [8706.5, 129.95, 7.0, 4.26, 0.96]
ce7d1888639e6fb06b2749cbfdac1ff7 == [8413.89, 150.25, 13.0, 4.3, 0.93]
48436dade18ac8b2bce089ec2a041202 == [8355.28, 87.95, 20.0, 4.25, 0.91]
0be8ff43f22e456b4e0371b2245e4d01 == [8098.4, 74.99, 84.0, 4.06, 0.92]
d6b1ce66b035a475f00c017792ff9769 == [8059.32, 134.32, 16.0, 4.17, 0.92]
2138ccb85b11a4ec1e37afbd1c8eda1f == [8009.47, 31.41, 126.0, 3.95, 0.93]
c31eff8334d6b3047ed34bebd4d62c36 == [7991.56, 107.99, 3.0, 3.97, 0.88]
1d8dbc4f32378d715c717c1c1fc57bae == [7989.19, 126.81, 24.0, 4.05, 0.9]
128639473a139ac0f3e5f5ade55873a5 == [7745.6, 21.82, 60.0, 4.17, 0.93]
8d956fec2e4337affcb520f56fd8cbfd == [7743.53, 53.04, 46.0, 4.19, 0.88]
813348c996469b40f2e028d5429d3495 == [7718.43, 63.27, 4.0, 4.15, 0.95]
ac3508719a1d8f5b7614b798f70af136 == [7681.24, 121.92, 31.0, 4.65, 0.97]
7ea5bfa6c340f58f8e71fc1f0412b0d6 == [7659.16, 111.0, 8.0, 4.16, 0.93]
cfb1a033743668a192316f3c6d1d2671 == [7656.0, 84.13, 49.0, 3.95, 0.87]
4e7c18b98d84e05cbae3ff0ff03846c2 == [7515.5, 112.17, 26.0, 4.23, 0.97]
54965bbe3e4f07ae045b90b0b8541f52 == [7479.5, 146.66, 41.0, 3.23, 0.73]
adbc26658d6c7b4b6219f9d934598091 == [7433.8, 128.17, 8.0, 4.07, 0.83]
6cd68b3ed6d59aaa9fece558ad360c0a == [7413.29, 78.86, 39.0, 4.49, 0.98]
e26901d5ab434ce92fd9b5c256820a4e == [7351.9, 61.27, 14.0, 4.12, 0.98]
95e03ca3d4146e4011985981aeb959b9 == [7323.81, 65.39, 45.0, 4.1, 0.96]
5a8e7d5003a1f221f9e1d6e411de7c23 == [7298.3, 82.0, 51.0, 4.1, 0.92]
f3b80352b986ab4d1057a4b724be19d0 == [7276.0, 127.65, 4.0, 4.19, 1.0]
f262cbc1c910c83959f849465454ddd3 == [7240.84, 51.35, 63.0, 4.14, 0.9]
cab85505710c7cb9b720bceb52b01cee == [7221.9, 56.42, 22.0, 4.25, 0.97]
bd23da7354813347129d751591d1a6e2 == [7176.6, 108.74, 7.0, 4.08, 0.94]
6973a06f484aacf400ece213dbf3d946 == [7156.09, 111.81, 11.0, 4.02, 0.84]
9d4db00d65d7760644ac0c14edb5fd86 == [7038.66, 99.14, 34.0, 4.51, 0.94]
b499c00f28f4b7069ff6550af8c1348a == [7011.77, 68.08, 56.0, 4.29, 0.85]
33a6f4b1e7cdc205511e76ba1b6e0186 == [6938.39, 97.72, 12.0, 4.31, 0.97]
f27e33c6d29b5138fa9967bcd445b6d5 == [6780.0, 99.71, 16.0, 4.04, 0.85]
1c129092bf23f28a5930387c980c0dfc == [6755.29, 46.91, 11.0, 4.26, 0.96]
dd2bdf855a9172734fbc3744021ae9b9 == [6721.0, 101.83, 36.0, 3.78, 0.95]
80e6699fe29150b372a0c8a1ebf7dcc8 == [6651.19, 109.04, 22.0, 4.3, 0.95]
ef506c96320abeedfb894c34db06f478 == [6642.6, 30.33, 93.0, 3.97, 0.91]
7040e82f899a04d1b434b795a43b4617 == [6589.5, 49.92, 47.0, 3.69, 0.93]
25e6ffe976bd75618accfe16cefcbd0d == [6586.73, 87.82, 41.0, 4.37, 0.92]
3db66a856d18a9cba7c9241fc5221c50 == [6581.7, 107.9, 31.0, 4.3, 0.9]
0df3984f9dfb3d49ac6366acbd3bbb85 == [6573.0, 117.38, 17.0, 4.25, 0.98]
4830e40640734fc1c52cd21127c341d4 == [6403.03, 45.09, 47.0, 4.22, 0.94]
aafe36600ce604f205b86b5084d3d767 == [6337.7, 67.42, 25.0, 4.43, 0.96]
f80edd2c5aaa505cc4b0a3b219abf4b8 == [6296.3, 77.73, 21.0, 4.15, 0.94]
c9c7905cffc4ef9ff9f113554423e671 == [6286.6, 77.61, 17.0, 4.12, 0.86]
0ea22c1cfbdc755f86b9b54b39c16043 == [6238.0, 43.93, 106.0, 4.36, 0.99]
aaed1309374718fdd995ee4c58c9dfcd == [6156.8, 85.51, 38.0, 3.93, 0.96]
6c7d50c24b3ccd2fd83b44d8bb34e073 == [5888.36, 74.54, 12.0, 4.44, 0.97]
7008613ea464bad5cb9b83456e1e6a8f == [5882.4, 61.28, 16.0, 4.26, 0.95]
066a6914e1ebf3ea95a216c73a986b91 == [5805.32, 113.83, 36.0, 4.12, 0.96]
0db783cfcd3b73998abc6e10e59a102f == [5777.8, 68.78, 11.0, 4.25, 0.96]
5656537e588803a555b8eb41f07a944b == [5733.4, 51.19, 56.0, 3.78, 0.93]
7b07b3c7487f0ea825fc6df75abd658b == [5731.79, 95.53, 43.0, 4.3, 0.93]
18a349e75d307f4b4cc646a691ed4216 == [5705.74, 72.22, 34.0, 3.83, 0.97]
4371b634e0efc0e22b09b52907d9d469 == [5657.0, 81.99, 36.0, 4.47, 0.93]
9b013e03b2ab786505a1d3b5c0756754 == [5640.88, 51.75, 47.0, 4.26, 0.96]
640e21a7d01df7614a3b4923e990d40c == [5599.92, 65.12, 11.0, 4.3, 0.92]
a49928bcdf77c55c6d6e05e09a9b4ca5 == [5571.5, 91.34, 3.0, 3.08, 0.72]
8b28d096634035667e8263d57ba3368c == [5560.72, 63.19, 34.0, 3.91, 0.9]
08633c14ef2db992c11f840f04fad4cd == [5506.7, 107.97, 12.0, 4.25, 0.92]
cbd996ad3c1b7dc71fd0e5f5df9087e2 == [5476.83, 51.19, 12.0, 4.23, 0.9]
972d0f9cf61b499a4812cf0bfa3ad3c4 == [5398.32, 98.15, 15.0, 3.11, 0.85]
b1fc4f64df5a0e8b6913ab38803c57a9 == [5337.18, 73.11, 4.0, 3.82, 0.86]
562fc2f2c2863ab7e79a9e4388a58a14 == [5304.22, 32.95, 28.0, 4.17, 0.95]
ebd2d60905fb58271facef5596b620d3 == [5259.05, 97.39, 33.0, 4.26, 0.98]
1da3aeb70d7989d1e6d9b0e887f97c23 == [5212.1, 31.02, 113.0, 4.13, 0.94]
17ca9b9e9b9ef8fdb529001b49ebb50f == [5168.39, 72.79, 32.0, 3.97, 0.96]
282f23a9769b2690c5dda22e316f9941 == [5127.53, 70.24, 33.0, 4.38, 0.96]
8a432f4e5b471f8da497d7dc517666e2 == [5121.0, 80.02, 38.0, 4.16, 0.92]
259f7b5e6e482c230e5bfaa670b6bb8f == [5100.25, 60.0, 22.0, 4.32, 0.99]
36a968b544695394e4e9d7572688598f == [5072.99, 50.23, 30.0, 3.7, 0.97]
ce27a3cc3c8cc1ea79d11e561e9bebb6 == [5057.2, 63.21, 31.0, 4.15, 0.98]
d98eec89afa3380e14463da2aabaea72 == [4983.97, 41.53, 24.0, 4.36, 0.97]
609e1a9a6c2539919b8205cf7c4e6ff0 == [4982.98, 79.09, 48.0, 3.81, 0.97]
b4ffb71f0cb1b1c3d63fad021ecf93e1 == [4949.45, 51.03, 74.0, 4.14, 0.97]
6a8b085f816a1f75f92dbac6eb545f8f == [4939.88, 49.9, 58.0, 4.14, 0.91]
0bae85eb84b9fb3bd773911e89288d54 == [4839.83, 53.18, 35.0, 4.3, 0.99]
725c32fa80c2faacc4fc88450d27314e == [4814.98, 83.02, 25.0, 4.47, 1.0]
febab0275244b9a49a623f0bd613ca2f == [4780.46, 71.35, 32.0, 4.25, 0.97]
5d0363b33554b373851fc1622e4d5f3c == [4750.59, 69.86, 44.0, 4.1, 0.91]
516e7738bd8f735ac19a010ee5450d8d == [4742.89, 86.23, 41.0, 4.64, 0.93]
688756f717c462a206ad854c5027a64a == [4647.84, 72.62, 33.0, 3.86, 0.91]
ba143b05f0110f0dc71ad71b4466ce92 == [4517.91, 72.87, 18.0, 4.39, 0.81]
dd7ddc04e1b6c2c614352b383efe2d36 == [4491.76, 70.18, 25.0, 4.14, 0.92]
ececbfcff9804a2d6b40f589df8eef2b == [4467.75, 67.69, 40.0, 3.97, 0.86]
aac29b1b99776be73c3049939652091d == [4398.33, 66.64, 12.0, 4.01, 0.88]
8e6cc767478edae941d9bd9eb778d77a == [4388.57, 64.54, 42.0, 4.17, 0.96]
dbb9b48c841a0e39e21f98e1a6b2ec3e == [4316.58, 60.8, 41.0, 4.24, 0.96]
080102cd0a76b09e0dcf55fcacc60e05 == [4275.55, 48.59, 36.0, 4.45, 0.94]
7722b1df1b0e383e000397b2c11e3e19 == [4266.8, 52.03, 49.0, 4.21, 0.96]
8a32e327fe2c1b3511609d81aaf9f042 == [4261.85, 51.35, 39.0, 3.89, 0.98]
bd0389da23d89b726abf911cccc54596 == [4252.47, 81.78, 37.0, 4.21, 0.92]
92eb0f42c21942b6552362b9b114707d == [4222.84, 19.11, 47.0, 3.98, 0.92]
b14db04aa7881970e83ffa9426897925 == [4203.5, 76.43, 10.0, 3.88, 0.87]
8648b1e89e9b349e32d3741b30ec737e == [4155.8, 78.41, 32.0, 4.17, 0.91]
670c26e0f1bf8d0576271d5cfaec6d2b == [4115.8, 80.7, 14.0, 4.27, 0.92]
37515688008a7a40ac93e3b2e4ab203f == [4072.3, 26.97, 3.0, 4.16, 0.9]
dee656f0f566ed1aa85bd137c943f08f == [4023.12, 63.86, 25.0, 4.33, 0.94]
f84a00e60c73a49e7e851c9bdca3a5bb == [3910.65, 68.61, 21.0, 3.96, 0.86]
6b243f80ed07b10f0e8aa0f21a205f3c == [3878.3, 77.57, 25.0, 4.24, 0.98]
f46490624488d3ff7ce78613913a7711 == [3871.46, 70.39, 28.0, 3.71, 0.87]
2c9e548be18521d1c43cde1c582c6de8 == [3855.68, 47.6, 11.0, 4.24, 0.86]
1127b7f2594683f2510f1c2c834a486b == [3850.68, 51.34, 58.0, 4.2, 0.96]
3be634553519fb6536a03e1358e9fdc7 == [3762.91, 66.02, 34.0, 4.09, 0.93]
9616352088dcf83a7c06637f4ebf1c80 == [3669.2, 62.19, 5.0, 4.53, 1.0]
e5a3438891c0bfdb9394643f95273d8e == [3564.79, 34.95, 79.0, 3.67, 0.75]
dfa0c4c6229ab200a4a1336b4d7128ff == [3528.1, 64.15, 29.0, 4.24, 0.96]
30a2f535bb48308f991d0b9ad4a8c4bb == [3443.7, 68.87, 19.0, 4.18, 0.96]
f84fa566034f5e8e880a07ec624c56af == [3414.9, 56.92, 8.0, 4.2, 0.87]
e9d99831abad74458942f21e16f33f92 == [3413.44, 37.93, 32.0, 4.04, 0.89]
8c16d1f32a54d92897cc437244442e1b == [3393.75, 47.8, 21.0, 4.28, 0.99]
9674754b5a0cb32b638cec001178f799 == [3279.73, 57.54, 34.0, 4.19, 1.0]
1bb2bdb95f4841f1bba2c0d2cd83d3c9 == [3277.67, 56.51, 22.0, 4.74, 0.91]
98dac6635aee4995d501a3972e047414 == [3232.61, 49.73, 49.0, 4.09, 0.88]
537eb890efff034a88679788b647c564 == [3218.9, 29.26, 43.0, 4.23, 0.93]
2ff97219cb8622eaf3cd89b7d9c09824 == [3173.6, 48.82, 38.0, 4.57, 0.94]
b2479f944e1b90cf8a5de1bbfde284d6 == [3084.04, 46.73, 29.0, 3.47, 0.82]
b561927807645834b59ef0d16ba55a24 == [3063.09, 51.92, 36.0, 4.37, 0.83]
7e3f87d16fb353f408d467e74fbd8014 == [3059.85, 51.0, 15.0, 4.25, 0.9]
11bfa66332777660bd0640ee84d47006 == [3050.83, 55.47, 35.0, 3.77, 0.8]
3c7c4a49ec3c6550809089c6a2ca9370 == [2963.96, 30.24, 23.0, 3.72, 0.93]
8bb48dc19fccaa8613b6229bf7f452a2 == [2902.63, 46.82, 40.0, 4.48, 0.97]
d20b021d3efdf267a402c402a48ea64b == [2883.99, 43.7, 39.0, 3.94, 0.85]
891071be6ba827b591264c90c2ae8a63 == [2859.55, 47.66, 24.0, 3.87, 0.77]
cac4c8e7b1ca6252d8f20b2fc1a2e4af == [2702.45, 52.99, 29.0, 3.46, 0.75]
42b729f859728f5079499127a9c2ef37 == [2691.16, 38.45, 15.0, 4.47, 0.9]
4c18691b6037662be2df78a765d98ab5 == [2589.07, 50.77, 28.0, 3.86, 0.94]
7d76b645482be4a332374e8223836592 == [2449.06, 22.06, 66.0, 3.98, 0.87]
db4350fd57ae30082dec7acbaacc17f9 == [2444.52, 25.46, 44.0, 4.25, 0.97]
d673a59aac7a70d8b01e6902bf090a11 == [2406.52, 42.97, 13.0, 4.09, 0.88]
fc906263ca5083d09dce42fe02247800 == [2400.9, 40.69, 8.0, 4.37, 1.0]
0509040ea3fe50071181bbc359eb7738 == [2372.7, 42.37, 26.0, 4.55, 0.95]
827f8f69dfa529c561901c4f2e0f332f == [2369.09, 39.48, 51.0, 4.38, 0.97]
d12c926d74ceff0a90a21184466ce161 == [2295.08, 44.14, 23.0, 4.44, 0.98]
f4aba7c0bca51484c30ab7bdc34bcdd1 == [1915.62, 26.24, 10.0, 3.92, 0.9]
b76dba6c951ab00dc4edf0a1aa88037e == [1675.49, 16.43, 28.0, 4.23, 0.97]